{
  "data_file": "data/trajectory_circle_golf_noise0.1_cam4.pkl",
  "approach": "legacy_stick_only",
  "Rs_final": [
    [
      [
        1.0,
        0.0,
        0.0
      ],
      [
        0.0,
        1.0,
        0.0
      ],
      [
        0.0,
        0.0,
        1.0
      ]
    ],
    [
      [
        -0.7373913815442953,
        0.5910794827686614,
        -0.3269235315392993
      ],
      [
        -0.4220459729348234,
        -0.025289128322476984,
        0.9062216377455283
      ],
      [
        0.5273814057716615,
        0.8062167853863009,
        0.26811070065867404
      ]
    ],
    [
      [
        0.08748772674377248,
        -0.8716915771685059,
        0.4821822186297312
      ],
      [
        0.3737318181448428,
        0.47740355805271656,
        0.7952423346784028
      ],
      [
        -0.9234015517505682,
        0.11063289317417985,
        0.36754583003015207
      ]
    ],
    [
      [
        0.6083936311030429,
        0.6943588657790167,
        -0.38434744066707643
      ],
      [
        -0.09896448787762668,
        0.5468824012049294,
        0.8313396835177841
      ],
      [
        0.7874409309734753,
        -0.4677450211027455,
        0.4014366394105282
      ]
    ]
  ],
  "ts_final": [
    [
      0.0,
      0.0,
      0.0
    ],
    [
      1.3077471950859665,
      -3.624916177769849,
      2.9274319666790807
    ],
    [
      -1.9287956255750882,
      -3.1811024432943857,
      2.530036404038374
    ],
    [
      1.5373438733172577,
      -3.325381030674748,
      2.393996489542818
    ]
  ],
  "stick_3d_final": [
    [
      [
        0.11689777413974431,
        0.17133000389299463,
        3.3097632374568446
      ],
      [
        -0.2378530663950286,
        1.104786974796407,
        3.256754515422652
      ]
    ],
    [
      [
        0.340180463733761,
        -0.43220359565487154,
        3.6924737468716033
      ],
      [
        1.3355557546597305,
        -0.336175715713668,
        3.6950576369696924
      ]
    ],
    [
      [
        0.3103554147011196,
        -0.46154087424936063,
        3.7269541712948784
      ],
      [
        1.3069441658573058,
        -0.39695107955696807,
        3.778325559153761
      ]
    ],
    [
      [
        0.27097705647041037,
        -0.505687588099161,
        3.7651869713929997
      ],
      [
        1.260015750197442,
        -0.5089434777682268,
        3.9128076389608903
      ]
    ],
    [
      [
        0.216963455546047,
        -0.5617320307288307,
        3.7918124360921275
      ],
      [
        1.1720437336208223,
        -0.6621122259632912,
        4.070641198663892
      ]
    ],
    [
      [
        0.1493314389647491,
        -0.6179826139512165,
        3.8021936615841923
      ],
      [
        1.031453581367041,
        -0.8240351909796048,
        4.225753411068903
      ]
    ],
    [
      [
        0.07668494990851332,
        -0.6616200124324606,
        3.799710956155559
      ],
      [
        0.8485074194210633,
        -0.9630737769565726,
        4.359546381445697
      ]
    ],
    [
      [
        0.007182541266552711,
        -0.6866413593459714,
        3.7905675693754626
      ],
      [
        0.6412577912265283,
        -1.064378099037984,
        4.465299762823384
      ]
    ],
    [
      [
        -0.05440753304316606,
        -0.6942631649955874,
        3.7788730325018602
      ],
      [
        0.4234384256971102,
        -1.1303112017871835,
        4.541451126421284
      ]
    ],
    [
      [
        -0.11700141867408709,
        -0.6715935483139263,
        3.7819232082592324
      ],
      [
        0.23876485945223502,
        -1.235866677004548,
        4.526924007980845
      ]
    ],
    [
      [
        -0.1800456988842448,
        -0.6473321197602345,
        3.780832619202208
      ],
      [
        0.07456034359855948,
        -1.2873046682863616,
        4.505822895181286
      ]
    ],
    [
      [
        -0.2456498791068876,
        -0.6182927111407726,
        3.775292392471899
      ],
      [
        -0.08723047875624015,
        -1.3183978821970825,
        4.471536633419539
      ]
    ],
    [
      [
        -0.3164427018949759,
        -0.5832621001077924,
        3.763513176009021
      ],
      [
        -0.26168917141439263,
        -1.3331242739348683,
        4.422837656946324
      ]
    ],
    [
      [
        -0.39457889737966234,
        -0.5391125511111691,
        3.7440548215688585
      ],
      [
        -0.45776338653092497,
        -1.3282837261318927,
        4.3549693629304995
      ]
    ],
    [
      [
        -0.47968568832450176,
        -0.4806833539805652,
        3.7166175667478614
      ],
      [
        -0.6684487455241093,
        -1.2968967034513206,
        4.262661774099599
      ]
    ],
    [
      [
        -0.6360839042099143,
        -0.15048175644463363,
        3.674212271744528
      ],
      [
        -0.9538938380298637,
        -1.0720069880984373,
        3.897344728798097
      ]
    ],
    [
      [
        -0.5965464414840642,
        -0.14483658917304426,
        3.6518843086713324
      ],
      [
        -0.8592003560181771,
        -1.09040123740305,
        3.8440311722876097
      ]
    ],
    [
      [
        -0.5591145186871356,
        -0.151828495821895,
        3.6273377089050767
      ],
      [
        -0.7974016552760976,
        -1.1085367860330173,
        3.794455894562847
      ]
    ],
    [
      [
        -0.528886882913797,
        -0.1388097799747527,
        3.607240897391515
      ],
      [
        -0.8104518334462377,
        -1.0853152100500272,
        3.764875441415609
      ]
    ],
    [
      [
        -0.4993178498547777,
        -0.10744847613754255,
        3.57736131709618
      ],
      [
        -0.9033534527082763,
        -0.9991075504628597,
        3.7815654473191724
      ]
    ],
    [
      [
        -0.47158417625974386,
        -0.06733477539132787,
        3.5417785154091113
      ],
      [
        -1.0096950440162873,
        -0.8724412225920959,
        3.7912585800997722
      ]
    ],
    [
      [
        -0.4401801373043286,
        -0.02911938740215242,
        3.4993202166535577
      ],
      [
        -1.1134796368979174,
        -0.7085928329688913,
        3.790839719631809
      ]
    ],
    [
      [
        -0.4026544555649703,
        0.0028230858035271367,
        3.453190379739865
      ],
      [
        -1.2011294069166254,
        -0.5064329819074913,
        3.774276052985313
      ]
    ],
    [
      [
        -0.36031158066264907,
        0.02979664311710653,
        3.4090539006856138
      ],
      [
        -1.257430129403189,
        -0.2657251747563184,
        3.73745177623668
      ]
    ],
    [
      [
        -0.31451530529160704,
        0.05134077266808846,
        3.373117514936004
      ],
      [
        -1.2649892534921565,
        -0.0018963581464412835,
        3.679328360097791
      ]
    ],
    [
      [
        -0.2693344455999974,
        0.06680000794495818,
        3.3485097374226283
      ],
      [
        -1.2182672202724056,
        0.24546454198845002,
        3.608520455331615
      ]
    ],
    [
      [
        -0.22805128628747068,
        0.07370040684878323,
        3.334806512315166
      ],
      [
        -1.1357957300631387,
        0.4411579054617132,
        3.537229365539627
      ]
    ],
    [
      [
        -0.19106825770635477,
        0.07438388595185957,
        3.3340321829055624
      ],
      [
        -1.0456170903643744,
        0.5749637062800144,
        3.4724739976980894
      ]
    ],
    [
      [
        -0.15592288069850924,
        0.07857217082151852,
        3.3486929181450296
      ],
      [
        -0.9530008220941503,
        0.6790990734489504,
        3.4122082278049084
      ]
    ],
    [
      [
        -0.11179136428343461,
        0.10168036817890225,
        3.376352617797485
      ],
      [
        -0.8170262683191921,
        0.8097660903500753,
        3.3408795267705633
      ]
    ],
    [
      [
        0.007486772877541292,
        0.175263464344941,
        3.342132731247
      ],
      [
        -0.7288941109182333,
        0.8491423534110764,
        3.4023858378154177
      ]
    ]
  ]
}