{
  "data_file": "data/trajectory_figure8_baseball_noise0.5_cam5.pkl",
  "approach": "legacy_stick_only",
  "Rs_final": [
    [
      [
        1.0,
        0.0,
        0.0
      ],
      [
        0.0,
        1.0,
        0.0
      ],
      [
        0.0,
        0.0,
        1.0
      ]
    ],
    [
      [
        -0.7374718924965908,
        0.6080001136843023,
        -0.2940596360219681
      ],
      [
        -0.4726914430505553,
        -0.15367377297721663,
        0.8677252855401476
      ],
      [
        0.4823878185073505,
        0.7789224821885825,
        0.4007265392969339
      ]
    ],
    [
      [
        0.0878614385570134,
        -0.8967425555631108,
        0.4337431920581961
      ],
      [
        0.49805146403937517,
        0.41664100711748886,
        0.760496555124584
      ],
      [
        -0.8626848247088429,
        0.14920811047079752,
        0.4832306209118035
      ]
    ],
    [
      [
        0.6080738992813997,
        0.7145056706965867,
        -0.34601702205980395
      ],
      [
        -0.2377419225453588,
        0.579744269670871,
        0.7793429027380854
      ],
      [
        0.7574463091712511,
        -0.39163532568731463,
        0.5223953104657815
      ]
    ],
    [
      [
        -0.9846077684603068,
        -0.15699058427609508,
        0.07682121280131701
      ],
      [
        0.01820690945486869,
        0.34501410953669187,
        0.9384208931330897
      ],
      [
        -0.17382764663803382,
        0.9253751783299862,
        -0.33684525912506036
      ]
    ]
  ],
  "ts_final": [
    [
      0.0,
      0.0,
      0.0
    ],
    [
      1.1769374065717095,
      -3.4720184797881206,
      2.3964460103724194
    ],
    [
      -1.735858643257337,
      -3.0429919263260983,
      2.067672821240912
    ],
    [
      1.3842533157308927,
      -3.1183883511702057,
      1.9090401955075869
    ],
    [
      -0.3072459831797252,
      -3.755230681128311,
      5.349041346813981
    ]
  ],
  "stick_3d_final": [
    [
      [
        0.09435445083463267,
        -0.022607145727364372,
        3.476498452077775
      ],
      [
        -0.7327716118055957,
        0.21262118006320685,
        3.487905083790856
      ]
    ],
    [
      [
        0.1870543093399645,
        0.040447450097653936,
        3.427370665680831
      ],
      [
        -0.48850642203861017,
        0.5588048517057751,
        3.306858000714354
      ]
    ],
    [
      [
        0.2871387457006143,
        0.05610355949004192,
        3.4097776808349365
      ],
      [
        -0.1099223067799505,
        0.7872019311257235,
        3.19197572585133
      ]
    ],
    [
      [
        0.3578572772502213,
        0.04530591143028212,
        3.425798209103077
      ],
      [
        0.29615887179397815,
        0.8614992094131959,
        3.1619387633901526
      ]
    ],
    [
      [
        0.39228209208971254,
        0.032496408160644974,
        3.454842283897055
      ],
      [
        0.6257106421456782,
        0.8183719647047516,
        3.195014029765099
      ]
    ],
    [
      [
        0.4002193806526066,
        0.03580535677073049,
        3.4810901411511406
      ],
      [
        0.8428929480464189,
        0.7346662126714786,
        3.2460718082055813
      ]
    ],
    [
      [
        0.40275247465249436,
        0.05459323822055906,
        3.4892235660165167
      ],
      [
        0.9740541331513795,
        0.660802155635902,
        3.2753891360419662
      ]
    ],
    [
      [
        0.4121814612721322,
        0.0788314359621693,
        3.4749348004839637
      ],
      [
        1.0649509149289944,
        0.6015270776847326,
        3.274232766371802
      ]
    ],
    [
      [
        0.4295840717788356,
        0.09563000137959488,
        3.4473011583794717
      ],
      [
        1.1460971858535984,
        0.5308095185040581,
        3.2553955950567657
      ]
    ],
    [
      [
        0.309671042989407,
        0.16268874978945957,
        3.386080789948048
      ],
      [
        1.1366891170172877,
        0.3204622078248188,
        3.2107278852935206
      ]
    ],
    [
      [
        0.24958974675570855,
        0.19429366386772595,
        3.3906788821126286
      ],
      [
        1.0721398360308658,
        0.3678373067840207,
        3.209311975989233
      ]
    ],
    [
      [
        0.17262735408961,
        0.2239719166891672,
        3.387080776420104
      ],
      [
        0.9819278521346813,
        0.4386399810134014,
        3.1907384070158256
      ]
    ],
    [
      [
        0.07738393935495852,
        0.2478396367409718,
        3.3888344467056024
      ],
      [
        0.8587741867008665,
        0.5383258507592044,
        3.1775359828729126
      ]
    ],
    [
      [
        -0.043504777579452036,
        0.2436233914481272,
        3.367927597893663
      ],
      [
        0.6891263797117823,
        0.6389820995035812,
        3.152189146682876
      ]
    ],
    [
      [
        -0.1763009826067259,
        0.21566652188322138,
        3.3549328156284113
      ],
      [
        0.48183619264663735,
        0.7301560535290559,
        3.1505900144917587
      ]
    ],
    [
      [
        -0.30443219650361375,
        0.1738994806691489,
        3.357347514847729
      ],
      [
        0.2512111153453743,
        0.8056432309480741,
        3.179133194488766
      ]
    ],
    [
      [
        -0.42832987680439005,
        0.13353617710826038,
        3.3718595626118035
      ],
      [
        -0.013700211486824404,
        0.8731858366332312,
        3.2283303955298543
      ]
    ],
    [
      [
        -0.5583490754711669,
        0.09329414307526096,
        3.3995975692686984
      ],
      [
        -0.3444243357526015,
        0.9194473307219773,
        3.2932626442557313
      ]
    ],
    [
      [
        -0.7043903172366723,
        0.03534372246019524,
        3.4370532269048244
      ],
      [
        -0.7452814151404559,
        0.8919480082785467,
        3.372578304416658
      ]
    ],
    [
      [
        0.22309288834242302,
        -0.4734607816888659,
        3.729758433667047
      ],
      [
        0.4657375298371781,
        -1.288028459807545,
        3.8609189296947224
      ]
    ],
    [
      [
        0.23725275428131218,
        -0.4038552521446501,
        3.715796090424733
      ],
      [
        0.45062372468134215,
        -1.2270859907766993,
        3.8437178632465643
      ]
    ],
    [
      [
        0.25683045935838755,
        -0.3530529124315828,
        3.7048302355151574
      ],
      [
        0.47792289469401195,
        -1.164898993568919,
        3.8826618288255488
      ]
    ],
    [
      [
        0.28905206701760333,
        -0.32300600717409683,
        3.695440313657044
      ],
      [
        0.528270305926041,
        -1.116702205150235,
        3.9243965965840877
      ]
    ],
    [
      [
        0.3270511470286934,
        -0.3221544850747103,
        3.6802436500834963
      ],
      [
        0.5789141273615867,
        -1.0929283734879085,
        3.9667268992940414
      ]
    ],
    [
      [
        0.35902364382523033,
        -0.3376929369288508,
        3.6754820648770354
      ],
      [
        0.5892011382296363,
        -1.0916530789164756,
        4.019229683579638
      ]
    ],
    [
      [
        0.37155360701099055,
        -0.37161610386666477,
        3.647218475719761
      ],
      [
        0.5356214821756902,
        -1.1149992555491823,
        4.047297495581472
      ]
    ],
    [
      [
        0.3644632028922216,
        -0.39934697003999137,
        3.6185367939060913
      ],
      [
        0.414447348004435,
        -1.1313375939245798,
        4.067191796979111
      ]
    ],
    [
      [
        0.33994711815658446,
        -0.413666293427282,
        3.6036280342173588
      ],
      [
        0.23062160276947588,
        -1.1192615636210244,
        4.082985151996539
      ]
    ],
    [
      [
        0.29788079694077335,
        -0.4125046665597833,
        3.605299897661504
      ],
      [
        -0.011799581336718712,
        -1.056193332027979,
        4.084218434844689
      ]
    ],
    [
      [
        0.23835724275984388,
        -0.3925184381369848,
        3.6169192997299406
      ],
      [
        -0.2905903809610337,
        -0.9158277058462485,
        4.048152208596635
      ]
    ],
    [
      [
        0.16465645258265227,
        -0.3495224595139821,
        3.6245509007773506
      ],
      [
        -0.559970759320711,
        -0.6778535593902586,
        3.9512221309510416
      ]
    ],
    [
      [
        0.09280176766226478,
        -0.27756947587726094,
        3.6073615003111614
      ],
      [
        -0.7461692438898928,
        -0.3422922245879361,
        3.784952625017562
      ]
    ],
    [
      [
        0.05356910317877239,
        -0.11787615931885966,
        3.539716052621157
      ],
      [
        -0.7917851961104556,
        -0.19016185094624222,
        3.6802539032492683
      ]
    ]
  ]
}