{
  "data_file": "data/trajectory_triangle_kendo_noise0.1_cam5.pkl",
  "approach": "legacy_stick_only",
  "Rs_final": [
    [
      [
        1.0,
        0.0,
        0.0
      ],
      [
        0.0,
        1.0,
        0.0
      ],
      [
        0.0,
        0.0,
        1.0
      ]
    ],
    [
      [
        -0.7372983353629429,
        0.6079341092958348,
        -0.2946307577726967
      ],
      [
        -0.4732107823498519,
        -0.1534917704533172,
        0.8674743983951038
      ],
      [
        0.48214387908473394,
        0.7790098812966278,
        0.400850202324184
      ]
    ],
    [
      [
        0.08748943848415972,
        -0.896413984360185,
        0.43449691229883786
      ],
      [
        0.497864948798576,
        0.41713595132909426,
        0.7603473488258917
      ],
      [
        -0.8628302793200511,
        0.14979842039310343,
        0.48278809257914934
      ]
    ],
    [
      [
        0.6082704270854982,
        0.7143467404059467,
        -0.34599974278115375
      ],
      [
        -0.23834297135233412,
        0.5801840766576117,
        0.7788318593893645
      ],
      [
        0.75709954136835,
        -0.39127378095695786,
        0.5231683407809388
      ]
    ],
    [
      [
        -0.984705761799104,
        -0.15686196146633916,
        0.07582141995886796
      ],
      [
        0.01727267020992354,
        0.3451529821096907,
        0.9383874859590817
      ],
      [
        -0.17336729086960295,
        0.9253452026058813,
        -0.3371647052566663
      ]
    ]
  ],
  "ts_final": [
    [
      0.0,
      0.0,
      0.0
    ],
    [
      1.178595721661275,
      -3.470265426965966,
      2.396973049884268
    ],
    [
      -1.7378950383249026,
      -3.041613350153711,
      2.0686109564123107
    ],
    [
      1.3840365680927242,
      -3.1157733343378817,
      1.908324231587218
    ],
    [
      -0.3032800715347339,
      -3.753771507800979,
      5.3489852585343725
    ]
  ],
  "stick_3d_final": [
    [
      [
        -0.41492461765280164,
        -0.006752489760005864,
        3.420988250584287
      ],
      [
        -0.8163414671679574,
        1.1059986470375631,
        3.219371236220309
      ]
    ],
    [
      [
        -0.43108404809117246,
        -0.05275043966453552,
        3.44543063008269
      ],
      [
        -0.8137007683446431,
        1.0705778982528917,
        3.267279316267305
      ]
    ],
    [
      [
        -0.45835943116445377,
        -0.07183755653719381,
        3.4759089476857805
      ],
      [
        -0.8113746227447286,
        1.0604436186943405,
        3.293372335660036
      ]
    ],
    [
      [
        -0.4995638492996374,
        -0.06499042425117574,
        3.5081653707092215
      ],
      [
        -0.8026118972142241,
        1.0703615399480348,
        3.264982727323325
      ]
    ],
    [
      [
        -0.5555412553601129,
        -0.03473200167347579,
        3.5361614371288392
      ],
      [
        -0.7830593717160175,
        1.0805966993286282,
        3.156322793161667
      ]
    ],
    [
      [
        -0.08309487715151787,
        -0.6579398101349326,
        3.734419339629141
      ],
      [
        -0.6317401613563807,
        -1.4256195150346338,
        4.475807377572075
      ]
    ],
    [
      [
        -0.01898543305741146,
        -0.661079249715188,
        3.7038329069543603
      ],
      [
        -0.6045754013476781,
        -1.3067485004810944,
        4.528572628110798
      ]
    ],
    [
      [
        0.03507415750390558,
        -0.6684022000543037,
        3.7009744040511174
      ],
      [
        -0.5867509821856147,
        -1.2104133785360225,
        4.572500294688319
      ]
    ],
    [
      [
        0.07522963025594348,
        -0.6829349078921765,
        3.7253153972389415
      ],
      [
        -0.599844671817495,
        -1.157226530633704,
        4.596706321725345
      ]
    ],
    [
      [
        0.10053404565677726,
        -0.7091704331438986,
        3.7664670939448386
      ],
      [
        -0.64484290123217,
        -1.1602975485917186,
        4.591632248780064
      ]
    ],
    [
      [
        0.110208849187312,
        -0.7504322511443102,
        3.8117831695422466
      ],
      [
        -0.7058897629810514,
        -1.2174429779314317,
        4.557359481050757
      ]
    ]
  ]
}